xof 0303txt 0032

template XSkinMeshHeader {
<3cf169ce-ff7c-44ab-93c0-f78f62d172e2>
WORD nMaxSkinWeightsPerVertex;
WORD nMaxSkinWeightsPerFace;
WORD nBones;
}

template SkinWeights {
<6f0d123b-bad2-4167-a0d0-80224f25fabb>
STRING transformNodeName;
DWORD nWeights;
array DWORD vertexIndices[nWeights];
array float weights[nWeights];
Matrix4x4 matrixOffset;
}

Frame Root {
  FrameTransformMatrix {
     1.000000, 0.000000, 0.000000, 0.000000,
     0.000000,-0.000000, 1.000000, 0.000000,
     0.000000, 1.000000, 0.000000, 0.000000,
     0.000000, 0.000000, 0.000000, 1.000000;;
  }
  Frame dogArmature {
    FrameTransformMatrix {
      -0.000000, 1.000000, 0.000000, 0.000000,
      -1.000000,-0.000000, 0.000000, 0.000000,
       0.000000, 0.000000, 1.000000, 0.000000,
       0.000000, 0.000000, 0.004105, 1.000000;;
    }
    Frame dogArmature_root {
      FrameTransformMatrix {
         0.999999,-0.000692, 0.001148, 0.000000,
        -0.001186,-0.057852, 0.998324, 0.000000,
        -0.000624,-0.998325,-0.057852, 0.000000,
        -0.000979, 0.004612,-0.048265, 1.000000;;
      }
      Frame dogArmature_body {
        FrameTransformMatrix {
           0.056076,-0.996720, 0.058348, 0.000000,
           0.976876, 0.042695,-0.209501, 0.000000,
           0.206323, 0.068747, 0.976066, 0.000000,
           0.000243, 0.299015,-0.004567, 1.000000;;
        }
        Frame dogArmature_spine2 {
          FrameTransformMatrix {
             0.999999,-0.000899,-0.000626, 0.000000,
             0.000633, 0.007208, 0.999974, 0.000000,
            -0.000895,-0.999974, 0.007208, 0.000000,
             0.000000, 0.836383,-0.000000, 1.000000;;
          }
          Frame dogArmature_spine {
            FrameTransformMatrix {
               1.000000, 0.000435, 0.000757, 0.000000,
              -0.000506, 0.995246, 0.097395, 0.000000,
              -0.000711,-0.097395, 0.995245, 0.000000,
              -0.000000, 0.355190,-0.000000, 1.000000;;
            }
            Frame dogArmature_bodyFront {
              FrameTransformMatrix {
                 1.000000,-0.000000,-0.000000, 0.000000,
                -0.000000,-0.476251, 0.879309, 0.000000,
                -0.000000,-0.879309,-0.476251, 0.000000,
                 0.000000, 0.341485, 0.000000, 1.000000;;
              }
              Frame dogArmature_arm_L {
                FrameTransformMatrix {
                   0.405669,-0.775348, 0.484012, 0.000000,
                   0.821691, 0.541288, 0.178410, 0.000000,
                  -0.400320, 0.325333, 0.856681, 0.000000,
                   0.000000, 0.488840, 0.003335, 1.000000;;
                }
                Frame dogArmature_arm_L_001 {
                  FrameTransformMatrix {
                     0.261909, 0.901452,-0.344656, 0.000000,
                    -0.936059, 0.324216, 0.136665, 0.000000,
                     0.234940, 0.286824, 0.928728, 0.000000,
                     0.018510, 0.140532,-0.140705, 1.000000;;
                  }
                  Frame dogArmature_arm2_L {
                    FrameTransformMatrix {
                       0.998619, 0.035380, 0.038826, 0.000000,
                      -0.005198, 0.802078,-0.597197, 0.000000,
                      -0.052270, 0.596171, 0.801154, 0.000000,
                      -0.000000, 0.255059,-0.000000, 1.000000;;
                    }
                    Frame dogArmature_arm3_L {
                      FrameTransformMatrix {
                         0.994893,-0.100880,-0.003313, 0.000000,
                         0.092042, 0.893275, 0.439985, 0.000000,
                        -0.041426,-0.438043, 0.897999, 0.000000,
                         0.000000, 0.369590, 0.000000, 1.000000;;
                      }
                      Frame dogArmature_hand_L {
                        FrameTransformMatrix {
                           0.997828, 0.004373,-0.065724, 0.000000,
                          -0.065740, 0.003595,-0.997830, 0.000000,
                          -0.004127, 0.999984, 0.003875, 0.000000,
                          -0.000000, 0.236733,-0.000000, 1.000000;;
                        }
                      } // End of dogArmature_hand_L
                    } // End of dogArmature_arm3_L
                  } // End of dogArmature_arm2_L
                } // End of dogArmature_arm_L_001
              } // End of dogArmature_arm_L
              Frame dogArmature_arm_R {
                FrameTransformMatrix {
                   0.356553, 0.910528,-0.209305, 0.000000,
                  -0.773235, 0.413335, 0.480897, 0.000000,
                   0.524383,-0.009623, 0.851428, 0.000000,
                   0.001321, 0.488840, 0.003335, 1.000000;;
                }
                Frame dogArmature_arm_R_001 {
                  FrameTransformMatrix {
                    -0.040696,-0.914719, 0.402036, 0.000000,
                     0.981068,-0.112830,-0.157404, 0.000000,
                     0.189342, 0.388019, 0.901993, 0.000000,
                    -0.018510, 0.140532,-0.140705, 1.000000;;
                  }
                  Frame dogArmature_arm2_R {
                    FrameTransformMatrix {
                       0.999169,-0.002170, 0.040703, 0.000000,
                       0.002641, 0.999930,-0.011498, 0.000000,
                      -0.040675, 0.011596, 0.999105, 0.000000,
                       0.000000, 0.255059,-0.000000, 1.000000;;
                    }
                    Frame dogArmature_arm3_R {
                      FrameTransformMatrix {
                         0.999544, 0.001822,-0.030150, 0.000000,
                        -0.001567, 0.999962, 0.008511, 0.000000,
                         0.030165,-0.008460, 0.999509, 0.000000,
                         0.000000, 0.369590, 0.000000, 1.000000;;
                      }
                      Frame dogArmature_hand_R {
                        FrameTransformMatrix {
                           0.962468,-0.001630, 0.271389, 0.000000,
                           0.271394, 0.007717,-0.962437, 0.000000,
                          -0.000525, 0.999969, 0.007870, 0.000000,
                           0.000000, 0.236727, 0.000000, 1.000000;;
                        }
                      } // End of dogArmature_hand_R
                    } // End of dogArmature_arm3_R
                  } // End of dogArmature_arm2_R
                } // End of dogArmature_arm_R_001
              } // End of dogArmature_arm_R
            } // End of dogArmature_bodyFront
            Frame dogArmature_hals {
              FrameTransformMatrix {
                 1.000000, 0.000212, 0.000614, 0.000000,
                -0.000168, 0.997548,-0.069984, 0.000000,
                -0.000628, 0.069984, 0.997548, 0.000000,
                 0.000000, 0.341485, 0.000000, 1.000000;;
              }
              Frame dogArmature_head {
                FrameTransformMatrix {
                   0.999965, 0.008216, 0.001711, 0.000000,
                  -0.007973, 0.866402, 0.499284, 0.000000,
                   0.002620,-0.499280, 0.866437, 0.000000,
                   0.000000, 0.461900,-0.000000, 1.000000;;
                }
              } // End of dogArmature_head
              Frame dogArmature_kiefer {
                FrameTransformMatrix {
                   0.999964, 0.008283, 0.001754, 0.000000,
                  -0.003752, 0.247817, 0.968800, 0.000000,
                   0.007589,-0.968772, 0.247839, 0.000000,
                   0.000000, 0.461900,-0.000000, 1.000000;;
                }
                Frame dogArmature_mouth {
                  FrameTransformMatrix {
                     1.000000,-0.000000, 0.000000, 0.000000,
                     0.000000, 0.569906,-0.821710, 0.000000,
                    -0.000000, 0.821710, 0.569906, 0.000000,
                     0.000000, 0.249716,-0.000000, 1.000000;;
                  }
                } // End of dogArmature_mouth
              } // End of dogArmature_kiefer
            } // End of dogArmature_hals
          } // End of dogArmature_spine
        } // End of dogArmature_spine2
        Frame dogArmature_spine3 {
          FrameTransformMatrix {
             1.000000,-0.000370, 0.000441, 0.000000,
             0.000513, 0.225076,-0.974341, 0.000000,
             0.000261, 0.974341, 0.225076, 0.000000,
             0.000000, 0.836383,-0.000000, 1.000000;;
          }
          Frame dogArmature_bodyBehind {
            FrameTransformMatrix {
               0.999973,-0.005704, 0.004582, 0.000000,
               0.006145, 0.314897,-0.949106, 0.000000,
               0.003971, 0.949109, 0.314923, 0.000000,
               0.000000, 0.408879,-0.000000, 1.000000;;
            }
            Frame dogArmature_fuss_L {
              FrameTransformMatrix {
                 0.159907,-0.335110, 0.928510, 0.000000,
                 0.956713, 0.284318,-0.062151, 0.000000,
                -0.243165, 0.898256, 0.366069, 0.000000,
                 0.034595, 0.344970, 0.005799, 1.000000;;
              }
              Frame dogArmature_fuss2_L {
                FrameTransformMatrix {
                   0.141127, 0.965420,-0.219199, 0.000000,
                  -0.981458, 0.107429,-0.158742, 0.000000,
                  -0.129704, 0.237538, 0.962680, 0.000000,
                   0.000000, 0.150675,-0.000000, 1.000000;;
                }
                Frame dogArmature_fuss2_L_001 {
                  FrameTransformMatrix {
                     0.999780, 0.018295, 0.010249, 0.000000,
                    -0.019826, 0.665366, 0.746254, 0.000000,
                     0.006833,-0.746293, 0.665583, 0.000000,
                     0.000000, 0.204670,-0.000000, 1.000000;;
                  }
                  Frame dogArmature_fuss3_L {
                    FrameTransformMatrix {
                       0.998290, 0.036241,-0.045874, 0.000000,
                      -0.023278, 0.966202, 0.256733, 0.000000,
                       0.053628,-0.255226, 0.965393, 0.000000,
                       0.000000, 0.237906, 0.000000, 1.000000;;
                    }
                    Frame dogArmature_fuss4_L {
                      FrameTransformMatrix {
                         0.962072,-0.272743, 0.005361, 0.000000,
                        -0.011248,-0.059295,-0.998177, 0.000000,
                         0.272564, 0.960258,-0.060114, 0.000000,
                         0.000000, 0.432575,-0.000000, 1.000000;;
                      }
                    } // End of dogArmature_fuss4_L
                  } // End of dogArmature_fuss3_L
                } // End of dogArmature_fuss2_L_001
              } // End of dogArmature_fuss2_L
            } // End of dogArmature_fuss_L
            Frame dogArmature_fuss_R {
              FrameTransformMatrix {
                 0.171524, 0.288844,-0.941886, 0.000000,
                -0.959131, 0.267357,-0.092675, 0.000000,
                 0.225051, 0.919288, 0.322897, 0.000000,
                -0.037381, 0.344532, 0.005497, 1.000000;;
              }
              Frame dogArmature_fuss2_R {
                FrameTransformMatrix {
                   0.128782,-0.990404, 0.050145, 0.000000,
                   0.874198, 0.137254, 0.465766, 0.000000,
                  -0.468180,-0.016145, 0.883486, 0.000000,
                   0.000000, 0.150675,-0.000000, 1.000000;;
                }
                Frame dogArmature_fuss2_R_001 {
                  FrameTransformMatrix {
                     0.990846,-0.065344,-0.118128, 0.000000,
                     0.117821, 0.845729, 0.520442, 0.000000,
                     0.065896,-0.529596, 0.845687, 0.000000,
                    -0.000000, 0.204670, 0.000000, 1.000000;;
                  }
                  Frame dogArmature_fuss3_R {
                    FrameTransformMatrix {
                       0.992379,-0.062716,-0.106074, 0.000000,
                       0.085111, 0.971333, 0.221963, 0.000000,
                       0.089112,-0.229299, 0.969268, 0.000000,
                       0.000000, 0.237906, 0.000000, 1.000000;;
                    }
                    Frame dogArmature_fuss4_R {
                      FrameTransformMatrix {
                         0.999450, 0.029075, 0.015948, 0.000000,
                         0.020409,-0.160256,-0.986865, 0.000000,
                        -0.026137, 0.986647,-0.160761, 0.000000,
                        -0.000000, 0.432576,-0.000000, 1.000000;;
                      }
                    } // End of dogArmature_fuss4_R
                  } // End of dogArmature_fuss3_R
                } // End of dogArmature_fuss2_R_001
              } // End of dogArmature_fuss2_R
            } // End of dogArmature_fuss_R
          } // End of dogArmature_bodyBehind
          Frame dogArmature_spine4 {
            FrameTransformMatrix {
               1.000000, 0.000127, 0.000087, 0.000000,
              -0.000121, 0.997813,-0.066101, 0.000000,
              -0.000095, 0.066101, 0.997813, 0.000000,
               0.000000, 0.408879,-0.000000, 1.000000;;
            }
            Frame dogArmature_tail1 {
              FrameTransformMatrix {
                 1.000000, 0.000227, 0.000141, 0.000000,
                -0.000129, 0.873471,-0.486877, 0.000000,
                -0.000234, 0.486877, 0.873471, 0.000000,
                -0.000000, 0.187879, 0.000000, 1.000000;;
              }
              Frame dogArmature_tail2 {
                FrameTransformMatrix {
                   1.000000, 0.000092, 0.000248, 0.000000,
                   0.000030, 0.892322,-0.451400, 0.000000,
                  -0.000263, 0.451400, 0.892322, 0.000000,
                  -0.000000, 0.251400,-0.000000, 1.000000;;
                }
              } // End of dogArmature_tail2
            } // End of dogArmature_tail1
          } // End of dogArmature_spine4
        } // End of dogArmature_spine3
      } // End of dogArmature_body
    } // End of dogArmature_root
    Frame Cube {
      FrameTransformMatrix {
         1.000000,-0.000000, 0.000000, 0.000000,
         0.000000, 1.000000, 0.000000, 0.000000,
         0.000000, 0.000000, 1.000000, 0.000000,
         0.000000, 0.000000, 0.013806, 1.000000;;
      }
      Mesh { // Cube mesh
        2116;
         0.189480;-0.898189; 1.634769;,
         0.143418;-0.857152; 1.659088;,
         0.150995;-0.885073; 1.725017;,
         0.173282;-0.925656; 1.743002;,
         0.090134;-0.925629; 1.779772;,
         0.071376;-0.863814; 1.733567;,
         0.000069;-0.853925; 1.727261;,
         0.000069;-0.918740; 1.776371;,
         0.019708;-1.419935; 1.449758;,
         0.019920;-1.434304; 1.534386;,
         0.000069;-1.432375; 1.538496;,
         0.000069;-1.425095; 1.448348;,
         0.071173;-0.819398; 1.664505;,
         0.071338;-0.797813; 1.604785;,
         0.000069;-0.773334; 1.618284;,
         0.000069;-0.802259; 1.670357;,
         0.067834;-1.392635; 1.519653;,
         0.077799;-1.344632; 1.522398;,
         0.055190;-1.361051; 1.541153;,
         0.056071;-1.396264; 1.527986;,
         0.155590;-1.224055; 1.522839;,
         0.209352;-1.094825; 1.572304;,
         0.173157;-1.200584; 1.562938;,
         0.211375;-1.017598; 1.585296;,
         0.215762;-0.966365; 1.603155;,
         0.206186;-1.010154; 1.741953;,
         0.188911;-1.180665; 1.673413;,
         0.215762;-0.966365; 1.603155;,
         0.189480;-0.898189; 1.634769;,
         0.173282;-0.925656; 1.743002;,
         0.206186;-1.010154; 1.741953;,
         0.155590;-1.224055; 1.522839;,
         0.173157;-1.200584; 1.562938;,
         0.134416;-1.257286; 1.562831;,
         0.083886;-1.298132; 1.542877;,
         0.029612;-1.299388; 1.584545;,
         0.035384;-1.285807; 1.705180;,
         0.000069;-1.293600; 1.686496;,
         0.000069;-1.313715; 1.583552;,
         0.082213;-1.179931; 1.794175;,
         0.102557;-1.022584; 1.819180;,
         0.000069;-0.998971; 1.808447;,
         0.000069;-1.162588; 1.784298;,
         0.102557;-1.022584; 1.819180;,
         0.090134;-0.925629; 1.779772;,
         0.000069;-0.918740; 1.776371;,
         0.000069;-0.998971; 1.808447;,
         0.108301;-0.989603; 1.215924;,
         0.000069;-0.999388; 1.237454;,
         0.000069;-0.970497; 0.907053;,
         0.103877;-0.965964; 0.911710;,
         0.000069;-0.382454; 1.255095;,
         0.075037;-0.424076; 1.233788;,
         0.075037;-0.239504; 1.212927;,
         0.000069;-0.212347; 1.243053;,
         0.091846;-1.077398; 1.397545;,
         0.075705;-1.186488; 1.375004;,
         0.000069;-1.223251; 1.375519;,
         0.000069;-1.095142; 1.399969;,
         0.182773;-0.860846; 1.556120;,
         0.144927;-0.831286; 1.587185;,
         0.143418;-0.857152; 1.659088;,
         0.189480;-0.898189; 1.634769;,
         0.025206;-1.393446; 1.382272;,
         0.019708;-1.419935; 1.449758;,
         0.000069;-1.425095; 1.448348;,
         0.000071;-1.404254; 1.413876;,
         0.071376;-0.863814; 1.733567;,
         0.071173;-0.819398; 1.664505;,
         0.000069;-0.802259; 1.670357;,
         0.000069;-0.853925; 1.727261;,
         0.069326;-1.384844; 1.418952;,
         0.100838;-1.304291; 1.451470;,
         0.093257;-1.326944; 1.496566;,
         0.076060;-1.386668; 1.495482;,
         0.144659;-1.168201; 1.442161;,
         0.194218;-1.068478; 1.458685;,
         0.209352;-1.094825; 1.572304;,
         0.155590;-1.224055; 1.522839;,
         0.197465;-0.985589; 1.476878;,
         0.205880;-0.921073; 1.498414;,
         0.215762;-0.966365; 1.603155;,
         0.211375;-1.017598; 1.585296;,
         0.205880;-0.921073; 1.498414;,
         0.182773;-0.860846; 1.556120;,
         0.189480;-0.898189; 1.634769;,
         0.215762;-0.966365; 1.603155;,
         0.056697;-1.285936; 1.585553;,
         0.059581;-1.286571; 1.695261;,
         0.035384;-1.285807; 1.705180;,
         0.029612;-1.299388; 1.584545;,
         0.173157;-1.200584; 1.562938;,
         0.142226;-1.233695; 1.580353;,
         0.134416;-1.257286; 1.562831;,
         0.121595;-1.206834; 1.775261;,
         0.156059;-1.023966; 1.806416;,
         0.102557;-1.022584; 1.819180;,
         0.082213;-1.179931; 1.794175;,
         0.039189;-1.413676; 1.463606;,
         0.033461;-1.425987; 1.529093;,
         0.019920;-1.434304; 1.534386;,
         0.019708;-1.419935; 1.449758;,
         0.072871;-1.279191; 1.656036;,
         0.071661;-1.275788; 1.603527;,
         0.079468;-1.265430; 1.620266;,
         0.088318;-1.265668; 1.635490;,
         0.143418;-0.857152; 1.659088;,
         0.144927;-0.831286; 1.587185;,
         0.071338;-0.797813; 1.604785;,
         0.071173;-0.819398; 1.664505;,
         0.103963;-1.267197; 1.581533;,
         0.134416;-1.257286; 1.562831;,
         0.142226;-1.233695; 1.580353;,
         0.159842;-1.210882; 1.751100;,
         0.184334;-1.022532; 1.770637;,
         0.156059;-1.023966; 1.806416;,
         0.121595;-1.206834; 1.775261;,
         0.056697;-1.285936; 1.585553;,
         0.083886;-1.298132; 1.542877;,
         0.134416;-1.257286; 1.562831;,
         0.103963;-1.267197; 1.581533;,
         0.071661;-1.275788; 1.603527;,
         0.100934;-1.256546; 1.595602;,
         0.097629;-1.246974; 1.607155;,
         0.079468;-1.265430; 1.620266;,
         0.059581;-1.286571; 1.695261;,
         0.056697;-1.285936; 1.585553;,
         0.071661;-1.275788; 1.603527;,
         0.072871;-1.279191; 1.656036;,
         0.115165;-1.259699; 1.689126;,
         0.059581;-1.286571; 1.695261;,
         0.072871;-1.279191; 1.656036;,
         0.109097;-1.256776; 1.657616;,
         0.109097;-1.256776; 1.657616;,
         0.072871;-1.279191; 1.656036;,
         0.088318;-1.265668; 1.635490;,
         0.105129;-1.245895; 1.634912;,
         0.056071;-1.396264; 1.527986;,
         0.055190;-1.361051; 1.541153;,
         0.049117;-1.399259; 1.535357;,
         0.127117;-1.229784; 1.649242;,
         0.109097;-1.256776; 1.657616;,
         0.105129;-1.245895; 1.634912;,
         0.122400;-1.233397; 1.623174;,
         0.154190;-1.214503; 1.632969;,
         0.115165;-1.259699; 1.689126;,
         0.109097;-1.256776; 1.657616;,
         0.127117;-1.229784; 1.649242;,
         0.100934;-1.256546; 1.595602;,
         0.126293;-1.233586; 1.596788;,
         0.113061;-1.235790; 1.609256;,
         0.097629;-1.246974; 1.607155;,
         0.113061;-1.235790; 1.609256;,
         0.122400;-1.233397; 1.623174;,
         0.105129;-1.245895; 1.634912;,
         0.097629;-1.246974; 1.607155;,
         0.182773;-0.860846; 1.556120;,
         0.205880;-0.921073; 1.498414;,
         0.188298;-0.850095; 1.407418;,
         0.163489;-0.784720; 1.463173;,
         0.188911;-1.180665; 1.673413;,
         0.206186;-1.010154; 1.741953;,
         0.184334;-1.022532; 1.770637;,
         0.159842;-1.210882; 1.751100;,
         0.164498;-1.063449; 1.423101;,
         0.091846;-1.077398; 1.397545;,
         0.061013;-1.027413; 1.331219;,
         0.129512;-1.010329; 1.331520;,
         0.097629;-1.246974; 1.607155;,
         0.105129;-1.245895; 1.634912;,
         0.088318;-1.265668; 1.635490;,
         0.079468;-1.265430; 1.620266;,
         0.126293;-1.233586; 1.596788;,
         0.127117;-1.229784; 1.649242;,
         0.122400;-1.233397; 1.623174;,
         0.113061;-1.235790; 1.609256;,
         0.100838;-1.304291; 1.451470;,
         0.122107;-1.243352; 1.453564;,
         0.105892;-1.273490; 1.504340;,
         0.093257;-1.326944; 1.496566;,
         0.056697;-1.285936; 1.585553;,
         0.103963;-1.267197; 1.581533;,
         0.100934;-1.256546; 1.595602;,
         0.071661;-1.275788; 1.603527;,
         0.077799;-1.344632; 1.522398;,
         0.083886;-1.298132; 1.542877;,
         0.055190;-1.361051; 1.541153;,
         0.142226;-1.233695; 1.580353;,
         0.154190;-1.214503; 1.632969;,
         0.127117;-1.229784; 1.649242;,
         0.126293;-1.233586; 1.596788;,
         0.209352;-1.094825; 1.572304;,
         0.192401;-1.158247; 1.600508;,
         0.173157;-1.200584; 1.562938;,
         0.083886;-1.298132; 1.542877;,
         0.049912;-1.325820; 1.559990;,
         0.055190;-1.361051; 1.541153;,
         0.093257;-1.326944; 1.496566;,
         0.105892;-1.273490; 1.504340;,
         0.083886;-1.298132; 1.542877;,
         0.077799;-1.344632; 1.522398;,
         0.103963;-1.267197; 1.581533;,
         0.142226;-1.233695; 1.580353;,
         0.126293;-1.233586; 1.596788;,
         0.100934;-1.256546; 1.595602;,
         0.055190;-1.361051; 1.541153;,
         0.049912;-1.325820; 1.559990;,
         0.024853;-1.338253; 1.568604;,
         0.021858;-1.380713; 1.554596;,
         0.209352;-1.094825; 1.572304;,
         0.211375;-1.017598; 1.585296;,
         0.188911;-1.180665; 1.673413;,
         0.192401;-1.158247; 1.600508;,
         0.035384;-1.285807; 1.705180;,
         0.082213;-1.179931; 1.794175;,
         0.000069;-1.162588; 1.784298;,
         0.000069;-1.293600; 1.686496;,
         0.000069;-0.773334; 1.618284;,
         0.071338;-0.797813; 1.604785;,
         0.064083;-0.723815; 1.505310;,
         0.000052;-0.708929; 1.514567;,
         0.194218;-1.068478; 1.458685;,
         0.197465;-0.985589; 1.476878;,
         0.211375;-1.017598; 1.585296;,
         0.209352;-1.094825; 1.572304;,
         0.059581;-1.286571; 1.695261;,
         0.121595;-1.206834; 1.775261;,
         0.082213;-1.179931; 1.794175;,
         0.035384;-1.285807; 1.705180;,
         0.206186;-1.010154; 1.741953;,
         0.173282;-0.925656; 1.743002;,
         0.146824;-0.947910; 1.778144;,
         0.184334;-1.022532; 1.770637;,
         0.115165;-1.259699; 1.689126;,
         0.159842;-1.210882; 1.751100;,
         0.121595;-1.206834; 1.775261;,
         0.059581;-1.286571; 1.695261;,
         0.173282;-0.925656; 1.743002;,
         0.127015;-0.888208; 1.739661;,
         0.146824;-0.947910; 1.778144;,
         0.154190;-1.214503; 1.632969;,
         0.188911;-1.180665; 1.673413;,
         0.159842;-1.210882; 1.751100;,
         0.115165;-1.259699; 1.689126;,
         0.192401;-1.158247; 1.600508;,
         0.188911;-1.180665; 1.673413;,
         0.154190;-1.214503; 1.632969;,
         0.192401;-1.158247; 1.600508;,
         0.154190;-1.214503; 1.632969;,
         0.142226;-1.233695; 1.580353;,
         0.173157;-1.200584; 1.562938;,
         0.184334;-1.022532; 1.770637;,
         0.146824;-0.947910; 1.778144;,
         0.156059;-1.023966; 1.806416;,
         0.146824;-0.947910; 1.778144;,
         0.127015;-0.888208; 1.739661;,
         0.090134;-0.925629; 1.779772;,
         0.058978;-1.372748; 1.359580;,
         0.039189;-1.413676; 1.463606;,
         0.019708;-1.419935; 1.449758;,
         0.025206;-1.393446; 1.382272;,
         0.194218;-1.068478; 1.458685;,
         0.144659;-1.168201; 1.442161;,
         0.126254;-1.169296; 1.392997;,
         0.164498;-1.063449; 1.423101;,
         0.197465;-0.985589; 1.476878;,
         0.194218;-1.068478; 1.458685;,
         0.169118;-0.981248; 1.341821;,
         0.184823;-0.917700; 1.358677;,
         0.055607;-1.398853; 1.487086;,
         0.054931;-1.405051; 1.515802;,
         0.033461;-1.425987; 1.529093;,
         0.039189;-1.413676; 1.463606;,
         0.164498;-1.063449; 1.423101;,
         0.126254;-1.169296; 1.392997;,
         0.075705;-1.186488; 1.375004;,
         0.091846;-1.077398; 1.397545;,
         0.127015;-0.888208; 1.739661;,
         0.071376;-0.863814; 1.733567;,
         0.090134;-0.925629; 1.779772;,
         0.144927;-0.831286; 1.587185;,
         0.182773;-0.860846; 1.556120;,
         0.163489;-0.784720; 1.463173;,
         0.120333;-0.745235; 1.494474;,
         0.150995;-0.885073; 1.725017;,
         0.143418;-0.857152; 1.659088;,
         0.127015;-0.888208; 1.739661;,
         0.127015;-0.888208; 1.739661;,
         0.143418;-0.857152; 1.659088;,
         0.071173;-0.819398; 1.664505;,
         0.071376;-0.863814; 1.733567;,
         0.069326;-1.384844; 1.418952;,
         0.055607;-1.398853; 1.487086;,
         0.039189;-1.413676; 1.463606;,
         0.058978;-1.372748; 1.359580;,
         0.173282;-0.925656; 1.743002;,
         0.150995;-0.885073; 1.725017;,
         0.127015;-0.888208; 1.739661;,
         0.205880;-0.921073; 1.498414;,
         0.197465;-0.985589; 1.476878;,
         0.184823;-0.917700; 1.358677;,
         0.188298;-0.850095; 1.407418;,
         0.071338;-0.797813; 1.604785;,
         0.144927;-0.831286; 1.587185;,
         0.120333;-0.745235; 1.494474;,
         0.064083;-0.723815; 1.505310;,
         0.156059;-1.023966; 1.806416;,
         0.146824;-0.947910; 1.778144;,
         0.090134;-0.925629; 1.779772;,
         0.102557;-1.022584; 1.819180;,
         0.194218;-1.068478; 1.458685;,
         0.164498;-1.063449; 1.423101;,
         0.129512;-1.010329; 1.331520;,
         0.169118;-0.981248; 1.341821;,
         0.091846;-1.077398; 1.397545;,
         0.000069;-1.095142; 1.399969;,
         0.000049;-1.036987; 1.332845;,
         0.061013;-1.027413; 1.331219;,
         0.000069;-1.223251; 1.375519;,
         0.075705;-1.186488; 1.375004;,
         0.000077;-1.373871; 1.348740;,
         0.075705;-1.186488; 1.375004;,
         0.126254;-1.169296; 1.392997;,
         0.067099;-1.342001; 1.355981;,
         0.000077;-1.373871; 1.348740;,
         0.100838;-1.304291; 1.451470;,
         0.069326;-1.384844; 1.418952;,
         0.058978;-1.372748; 1.359580;,
         0.099959;-1.289799; 1.403087;,
         0.122107;-1.243352; 1.453564;,
         0.100838;-1.304291; 1.451470;,
         0.099959;-1.289799; 1.403087;,
         0.122415;-1.232450; 1.423327;,
         0.076060;-1.386668; 1.495482;,
         0.093257;-1.326944; 1.496566;,
         0.077799;-1.344632; 1.522398;,
         0.067834;-1.392635; 1.519653;,
         0.055190;-1.361051; 1.541153;,
         0.021858;-1.380713; 1.554596;,
         0.021363;-1.405606; 1.545128;,
         0.049117;-1.399259; 1.535357;,
         0.021858;-1.380713; 1.554596;,
         0.000047;-1.390534; 1.557960;,
         0.000058;-1.408607; 1.548705;,
         0.021363;-1.405606; 1.545128;,
         0.024853;-1.338253; 1.568604;,
         0.000037;-1.345245; 1.570923;,
         0.000047;-1.390534; 1.557960;,
         0.021858;-1.380713; 1.554596;,
         0.163489;-0.784720; 1.463173;,
         0.188298;-0.850095; 1.407418;,
         0.208091;-0.793953; 1.304448;,
         0.157678;-0.702453; 1.366984;,
         0.000052;-0.708929; 1.514567;,
         0.064083;-0.723815; 1.505310;,
         0.093162;-0.652639; 1.402251;,
         0.000069;-0.626676; 1.422927;,
         0.184823;-0.917700; 1.358677;,
         0.169118;-0.981248; 1.341821;,
         0.179833;-0.937944; 1.215011;,
         0.211805;-0.883033; 1.241476;,
         0.188298;-0.850095; 1.407418;,
         0.184823;-0.917700; 1.358677;,
         0.211805;-0.883033; 1.241476;,
         0.208091;-0.793953; 1.304448;,
         0.267943;-0.663626; 1.055774;,
         0.258728;-0.806891; 0.973817;,
         0.274014;-0.673613; 0.828110;,
         0.267943;-0.552682; 1.009325;,
         0.120333;-0.745235; 1.494474;,
         0.163489;-0.784720; 1.463173;,
         0.157678;-0.702453; 1.366984;,
         0.093162;-0.652639; 1.402251;,
         0.211805;-0.883033; 1.241476;,
         0.179833;-0.937944; 1.215011;,
         0.207081;-0.902683; 0.923092;,
         0.258728;-0.806891; 0.973817;,
         0.075037;-0.424076; 1.233788;,
         0.183326;-0.508105; 1.161902;,
         0.183326;-0.249523; 1.100717;,
         0.075037;-0.239504; 1.212927;,
         0.157678;-0.702453; 1.366984;,
         0.208091;-0.793953; 1.304448;,
         0.267943;-0.663626; 1.055774;,
         0.183326;-0.508105; 1.161902;,
         0.208091;-0.793953; 1.304448;,
         0.211805;-0.883033; 1.241476;,
         0.258728;-0.806891; 0.973817;,
         0.267943;-0.663626; 1.055774;,
         0.183326;-0.508105; 1.161902;,
         0.267943;-0.663626; 1.055774;,
         0.267943;-0.552682; 1.009325;,
         0.207081;-0.902683; 0.923092;,
         0.103877;-0.965964; 0.911710;,
         0.100373;-0.805365; 0.704887;,
         0.220254;-0.760566; 0.746730;,
         0.000069;-0.626676; 1.422927;,
         0.093162;-0.652639; 1.402251;,
         0.075037;-0.424076; 1.233788;,
         0.000069;-0.382454; 1.255095;,
         0.064083;-0.723815; 1.505310;,
         0.120333;-0.745235; 1.494474;,
         0.093162;-0.652639; 1.402251;,
         0.103877;-0.965964; 0.911710;,
         0.000069;-0.970497; 0.907053;,
         0.000069;-0.730028; 0.660576;,
         0.100373;-0.805365; 0.704887;,
         0.179833;-0.937944; 1.215011;,
         0.108301;-0.989603; 1.215924;,
         0.103877;-0.965964; 0.911710;,
         0.207081;-0.902683; 0.923092;,
         0.093162;-0.652639; 1.402251;,
         0.157678;-0.702453; 1.366984;,
         0.183326;-0.508105; 1.161902;,
         0.075037;-0.424076; 1.233788;,
         0.061013;-1.027413; 1.331219;,
         0.000049;-1.036987; 1.332845;,
         0.000069;-0.999388; 1.237454;,
         0.169118;-0.981248; 1.341821;,
         0.129512;-1.010329; 1.331520;,
         0.108301;-0.989603; 1.215924;,
         0.179833;-0.937944; 1.215011;,
         0.129512;-1.010329; 1.331520;,
         0.061013;-1.027413; 1.331219;,
         0.000069;-0.999388; 1.237454;,
         0.108301;-0.989603; 1.215924;,
         0.258728;-0.806891; 0.973817;,
         0.207081;-0.902683; 0.923092;,
         0.220254;-0.760566; 0.746730;,
         0.274014;-0.673613; 0.828110;,
         0.183326;-0.249523; 1.100717;,
         0.183326;-0.508105; 1.161902;,
         0.267943;-0.552682; 1.009325;,
         0.250800;-0.310422; 0.895624;,
         0.267943;-0.552682; 1.009325;,
         0.274014;-0.673613; 0.828110;,
         0.274899;-0.386314; 0.755718;,
         0.250800;-0.310422; 0.895624;,
         0.220254;-0.760566; 0.746730;,
         0.100373;-0.805365; 0.704887;,
         0.116724;-0.762407; 0.604288;,
         0.204538;-0.727060; 0.600551;,
         0.274014;-0.673613; 0.828110;,
         0.220254;-0.760566; 0.746730;,
         0.242244;-0.511265; 0.618747;,
         0.274899;-0.386314; 0.755718;,
         0.183326;-0.249523; 1.100717;,
         0.250800;-0.310422; 0.895624;,
         0.257254; 0.186330; 0.906773;,
         0.181121; 0.111489; 1.075017;,
         0.228603; 0.264043; 0.677663;,
         0.245239; 0.493707; 0.705766;,
         0.243635; 0.642102; 0.807235;,
         0.260988; 0.241934; 0.767810;,
         0.000069; 0.682174; 0.799738;,
         0.214697; 0.677875; 0.733602;,
         0.056943; 0.687039; 0.700522;,
         0.228603; 0.264043; 0.677663;,
         0.213749; 0.423344; 0.568582;,
         0.238769; 0.548033; 0.641903;,
         0.245239; 0.493707; 0.705766;,
         0.100373;-0.805365; 0.704887;,
         0.000069;-0.730028; 0.660576;,
         0.000069;-0.550052; 0.596762;,
         0.100464;-0.533602; 0.596287;,
         0.242224;-0.642536; 0.585484;,
         0.204538;-0.727060; 0.600551;,
         0.220223;-0.709356; 0.284484;,
         0.244709;-0.653654; 0.283501;,
         0.242244;-0.511265; 0.618747;,
         0.220254;-0.760566; 0.746730;,
         0.242224;-0.642536; 0.585484;,
         0.163104;-0.732269; 0.280671;,
         0.134605;-0.651546; 0.277471;,
         0.138463;-0.652959; 0.214244;,
         0.166826;-0.733608; 0.210149;,
         0.220232;-0.581431; 0.269111;,
         0.248403;-0.655054; 0.221386;,
         0.247334;-0.664657; 0.065091;,
         0.226830;-0.613570; 0.061572;,
         0.100464;-0.533602; 0.596287;,
         0.242244;-0.511265; 0.618747;,
         0.220232;-0.581431; 0.269111;,
         0.163099;-0.588076; 0.259604;,
         0.244709;-0.653654; 0.283501;,
         0.220223;-0.709356; 0.284484;,
         0.223978;-0.710723; 0.212464;,
         0.248403;-0.655054; 0.221386;,
         0.204538;-0.727060; 0.600551;,
         0.116724;-0.762407; 0.604288;,
         0.163104;-0.732269; 0.280671;,
         0.220223;-0.709356; 0.284484;,
         0.248403;-0.655054; 0.221386;,
         0.223978;-0.710723; 0.212464;,
         0.241364;-0.719849; 0.065511;,
         0.247334;-0.664657; 0.065091;,
         0.100373;-0.805365; 0.704887;,
         0.100464;-0.533602; 0.596287;,
         0.116724;-0.762407; 0.604288;,
         0.220223;-0.709356; 0.284484;,
         0.163104;-0.732269; 0.280671;,
         0.166826;-0.733608; 0.210149;,
         0.223978;-0.710723; 0.212464;,
         0.163104;-0.732269; 0.280671;,
         0.116724;-0.762407; 0.604288;,
         0.134605;-0.651546; 0.277471;,
         0.134605;-0.651546; 0.277471;,
         0.163099;-0.588076; 0.259604;,
         0.138463;-0.652959; 0.214244;,
         0.116724;-0.762407; 0.604288;,
         0.100464;-0.533602; 0.596287;,
         0.163099;-0.588076; 0.259604;,
         0.134605;-0.651546; 0.277471;,
         0.138463;-0.652959; 0.214244;,
         0.163099;-0.588076; 0.259604;,
         0.178166;-0.622998; 0.061034;,
         0.158497;-0.694213; 0.064216;,
         0.163099;-0.588076; 0.259604;,
         0.220232;-0.581431; 0.269111;,
         0.226830;-0.613570; 0.061572;,
         0.178166;-0.622998; 0.061034;,
         0.220232;-0.581431; 0.269111;,
         0.244709;-0.653654; 0.283501;,
         0.248403;-0.655054; 0.221386;,
         0.223978;-0.710723; 0.212464;,
         0.166826;-0.733608; 0.210149;,
         0.201591;-0.748984; 0.067062;,
         0.241364;-0.719849; 0.065511;,
         0.245228;-0.729154;-0.014625;,
         0.241364;-0.719849; 0.065511;,
         0.249202;-0.809949; 0.035152;,
         0.249989;-0.807213;-0.014865;,
         0.242244;-0.511265; 0.618747;,
         0.242224;-0.642536; 0.585484;,
         0.244709;-0.653654; 0.283501;,
         0.220232;-0.581431; 0.269111;,
         0.166826;-0.733608; 0.210149;,
         0.138463;-0.652959; 0.214244;,
         0.158497;-0.694213; 0.064216;,
         0.201591;-0.748984; 0.067062;,
         0.245228;-0.729154;-0.014625;,
         0.203768;-0.760842;-0.014251;,
         0.162439;-0.703998;-0.018863;,
         0.167560;-0.640488;-0.015304;,
         0.212117;-0.619477;-0.012846;,
         0.252343;-0.678099;-0.016288;,
         0.178166;-0.622998; 0.061034;,
         0.226830;-0.613570; 0.061572;,
         0.212117;-0.619477;-0.012846;,
         0.167560;-0.640488;-0.015304;,
         0.158497;-0.694213; 0.064216;,
         0.178166;-0.622998; 0.061034;,
         0.167560;-0.640488;-0.015304;,
         0.162439;-0.703998;-0.018863;,
         0.226830;-0.613570; 0.061572;,
         0.247334;-0.664657; 0.065091;,
         0.252343;-0.678099;-0.016288;,
         0.212117;-0.619477;-0.012846;,
         0.247334;-0.664657; 0.065091;,
         0.241364;-0.719849; 0.065511;,
         0.245228;-0.729154;-0.014625;,
         0.252343;-0.678099;-0.016288;,
         0.201591;-0.748984; 0.067062;,
         0.158497;-0.694213; 0.064216;,
         0.163260;-0.800296; 0.037703;,
         0.214623;-0.849541; 0.035302;,
         0.214623;-0.849541; 0.035302;,
         0.163260;-0.800296; 0.037703;,
         0.164013;-0.797594;-0.015288;,
         0.214972;-0.845959;-0.015839;,
         0.249202;-0.809949; 0.035152;,
         0.214623;-0.849541; 0.035302;,
         0.214972;-0.845959;-0.015839;,
         0.249989;-0.807213;-0.014865;,
         0.158497;-0.694213; 0.064216;,
         0.162439;-0.703998;-0.018863;,
         0.164013;-0.797594;-0.015288;,
         0.163260;-0.800296; 0.037703;,
         0.203768;-0.760842;-0.014251;,
         0.245228;-0.729154;-0.014625;,
         0.249989;-0.807213;-0.014865;,
         0.214972;-0.845959;-0.015839;,
         0.162439;-0.703998;-0.018863;,
         0.203768;-0.760842;-0.014251;,
         0.214972;-0.845959;-0.015839;,
         0.164013;-0.797594;-0.015288;,
         0.241364;-0.719849; 0.065511;,
         0.201591;-0.748984; 0.067062;,
         0.214623;-0.849541; 0.035302;,
         0.249202;-0.809949; 0.035152;,
         0.195362; 0.709592; 0.347739;,
         0.144136; 0.710585; 0.348121;,
         0.144136; 0.797233; 0.289043;,
         0.195362; 0.796239; 0.288661;,
         0.214697; 0.677875; 0.733602;,
         0.186364; 0.802021; 0.476778;,
         0.116298; 0.807444; 0.457190;,
         0.056943; 0.687039; 0.700522;,
         0.213749; 0.423344; 0.568582;,
         0.135782; 0.425022; 0.569228;,
         0.136435; 0.664643; 0.379445;,
         0.195362; 0.663649; 0.379063;,
         0.075037;-0.239504; 1.212927;,
         0.183326;-0.249523; 1.100717;,
         0.181121; 0.111489; 1.075017;,
         0.078971; 0.118664; 1.172731;,
         0.213749; 0.423344; 0.568582;,
         0.195362; 0.663649; 0.379063;,
         0.222521; 0.734582; 0.429154;,
         0.238769; 0.548033; 0.641903;,
         0.000069;-0.212347; 1.243053;,
         0.075037;-0.239504; 1.212927;,
         0.078971; 0.118664; 1.172731;,
         0.000069; 0.127008; 1.201561;,
         0.274899;-0.386314; 0.755718;,
         0.242244;-0.511265; 0.618747;,
         0.238834;-0.317438; 0.633476;,
         0.250800;-0.310422; 0.895624;,
         0.274899;-0.386314; 0.755718;,
         0.260988; 0.241934; 0.767810;,
         0.257254; 0.186330; 0.906773;,
         0.257254; 0.186330; 0.906773;,
